13.8407059276	1100.70153627	0.0
14.1176624838	1101.18090639	0.0
14.3999729697	1101.66992006	0.0
14.6950722299	1102.18066225	0.0
15.0001946042	1102.71105775	0.0
15.3129196726	1103.25366029	0.0
15.6239729487	1103.7939435	0.0
15.874573762	1104.2281476	0.0
16.2006474099	1104.79162416	0.0
16.5281639641	1105.35790834	0.0
16.882364329	1105.97204408	0.0
17.1947441642	1106.51257142	0.0
17.5126057218	1107.06066713	0.0
17.9537392212	1107.82128724	0.0
18.2414131712	1108.31689272	0.0
18.6454697198	1109.01318178	0.0
18.9558659149	1109.54589662	0.0
19.2692604625	1110.0854474	0.0
19.6521168306	1110.74230776	0.0
19.8484802807	1111.41967592	0.0
20.3757477349	1111.98742494	0.0
20.7897530146	1112.69726381	0.0
21.1421452128	1113.30200013	0.0
21.5658417306	1114.03002748	0.0
21.8350010461	1114.49560365	0.0
22.2049885337	1115.13366518	0.0
22.5540276133	1115.79199037	0.0
22.7607555937	1116.44750795	0.0
22.9132614676	1116.96606264	0.0
23.5661144804	1117.64001283	0.0
23.7205963674	1118.34277162	0.0
24.260017451	1118.90881166	0.0
24.5672798706	1119.46984682	0.0
24.8105354863	1119.91418275	0.0
25.2166500635	1120.65649233	0.0
25.4643612463	1121.10900697	0.0
25.913595255	1121.92883119	0.0
26.4171677182	1122.84924135	0.0
26.7632084452	1123.48132142	0.0
27.1000786387	1124.09533509	0.0
27.3495522084	1124.54980287	0.0
27.8819962099	1125.51940736	0.0
28.3296356744	1126.33349428	0.0
28.5979157052	1126.82031068	0.0
28.8654957364	1127.30578432	0.0
29.330987986	1128.15063295	0.0
29.6065121245	1128.65136537	0.0
29.8960114075	1129.17956361	0.0
30.387731607	1130.07360658	0.0
30.6573677604	1130.56359682	0.0
30.9560318532	1131.10803041	0.0
31.4371719908	1131.98925599	0.0
31.7309933262	1132.52575502	0.0
32.0278511591	1133.06823549	0.0
32.3293304995	1133.61865053	0.0
32.7367134635	1134.36279115	0.0
33.033477839	1134.90417299	0.0
33.4606400077	1135.68298158	0.0
33.8638840261	1136.41747865	0.0
34.2948837835	1137.20092592	0.0
34.9138489318	1138.32629213	0.0
35.2559967584	1138.94787416	0.0
35.587245997	1139.54882631	0.0
36.1257515502	1140.52551088	0.0
36.456592614	1141.12512025	0.0
36.7960091181	1141.74108705	0.0
37.1299706061	1142.34789858	0.0
37.6975517825	1143.38134584	0.0
38.3643684936	1144.598631	0.0
38.9393082213	1145.64892396	0.0
39.2953796941	1146.29797182	0.0
39.653831538	1146.94982729	0.0
40.0008278448	1147.5809308	0.0
40.2449074336	1148.02331361	0.0
40.6055298412	1148.67663392	0.0
40.9657936646	1149.32751283	0.0
41.3332634519	1149.99011049	0.0
41.5825157709	1150.43981752	0.0
41.9407883247	1151.08630189	0.0
42.339424189	1151.80431948	0.0
42.5848579947	1152.24633607	0.0
42.9585838876	1152.92089662	0.0
43.325569208	1153.58398256	0.0
43.7034531189	1154.26635561	0.0
43.9588585453	1154.72753725	0.0
44.3428803043	1155.42175111	0.0
44.6011581978	1155.88867006	0.0
44.9776306711	1156.56908998	0.0
45.27565008	1157.1076642	0.0
45.27565008	1157.97924623	0.0
46.0328865604	1158.4769269	0.0
46.4378433775	1159.20898256	0.0
46.6860848021	1159.65795717	0.0
47.2407570446	1160.66210756	0.0
47.4896011912	1161.11242494	0.0
47.4896011912	1162.09789858	0.0
48.0337486818	1162.09789858	0.0
48.306869561	1162.59264955	0.0
48.7110710692	1163.32507143	0.0
49.1482468201	1164.11767396	0.0
49.8059769227	1165.30908022	0.0
50.2295837948	1166.07629213	0.0
50.6917076654	1166.91186342	0.0
50.948616082	1167.37597475	0.0
51.2592468821	1167.93713197	0.0
51.8252373299	1168.95947084	0.0
52.5253830514	1170.22216615	0.0
52.5253830514	1170.76232728	0.0
53.253696496	1171.53661928	0.0
53.716529901	1172.37109193	0.0
54.1233521049	1173.10522279	0.0
54.5526352472	1173.88000307	0.0
55.0045548037	1174.69628725	0.0
55.4637413577	1175.52599916	0.0
55.9275589539	1176.36401185	0.0
56.3405151919	1177.11047182	0.0
56.6562614987	1177.68188295	0.0
57.1077080326	1178.49767885	0.0
57.5514641348	1179.29992494	0.0
57.8662491406	1179.86962709	0.0
58.4922524058	1181.00304994	0.0
58.7653618419	1181.49780092	0.0
59.0937347966	1182.09277162	0.0
59.6915894112	1183.17651185	0.0
60.0237999505	1183.77929506	0.0
60.6407890869	1184.89953432	0.0
60.9512711112	1185.46362123	0.0
61.4292259769	1186.33276185	0.0
61.8952293954	1187.18041811	0.0
62.3732758121	1188.05004701	0.0
62.8691864554	1188.95092592	0.0
63.3395004833	1189.80468568	0.0
63.8243332464	1190.68359193	0.0
64.3066254208	1191.5574933	0.0
64.8008270807	1192.4526349	0.0
65.126152093	1193.04174623	0.0
65.7973099301	1194.25646791	0.0
66.1271057688	1194.85326967	0.0
66.6284866887	1195.76086244	0.0
67.1640778148	1196.72973451	0.0
67.4710693908	1197.2852765	0.0
67.8386917661	1197.94994935	0.0
68.3057632998	1198.79430971	0.0
68.8473587577	1199.77331361	0.0
69.3225174511	1200.63171205	0.0
69.8304749092	1201.54821596	0.0
70.3589478083	1202.50134096	0.0
70.3589478083	1203.10803041	0.0
70.8721771798	1203.42724428	0.0
71.3863144477	1204.35375795	0.0
71.7318420965	1204.97704897	0.0
72.2585678659	1205.92614564	0.0
72.6096039368	1206.55859193	0.0
73.2873230519	1207.77941713	0.0
73.618492181	1208.37560853	0.0
73.9740753712	1209.01489076	0.0
74.6639252268	1210.25317201	0.0
75.0489197337	1210.94592104	0.0
75.679069575	1212.07922181	0.0
76.027389582	1212.70690736	0.0
76.6867905221	1213.89843568	0.0
77.0180283135	1214.49767885	0.0
77.5053635183	1215.37975892	0.0
78.0278091968	1216.32543763	0.0
78.4851914	1217.15197572	0.0
78.8168869569	1217.75170717	0.0
79.2876511161	1218.60265932	0.0
79.7674027048	1219.46850404	0.0
80.2314606266	1220.30785951	0.0
81.2854919979	1222.21533021	0.0
81.8716736386	1223.2783185	0.0
82.3165665214	1224.08471498	0.0
82.6381607599	1224.6668683	0.0
83.2307968699	1225.74157533	0.0
83.5727234436	1226.3609601	0.0
83.5727234436	1226.8765851	0.0
84.3040543147	1227.68322572	0.0
84.8770905082	1228.71960268	0.0
85.1924133855	1229.28881654	0.0
85.7316361027	1230.26257143	0.0
86.0079575122	1230.76550111	0.0
86.4229584287	1231.51696596	0.0
86.8140869694	1232.20776186	0.0
87.0759125307	1232.65759095	0.0
87.4300156186	1233.26782045	0.0
87.8559723446	1233.98657045	0.0
88.3956070506	1234.87341127	0.0
88.6591797418	1235.30273256	0.0
89.027343806	1235.90087709	0.0
89.4523239693	1236.58776674	0.0
89.8079910825	1237.15759096	0.0
90.117485102	1237.66418275	0.0
90.4566956119	1238.23827943	0.0
90.8118286686	1238.85729799	0.0
91.1642075127	1239.47265443	0.0
91.5283508861	1240.11071596	0.0
91.8683853703	1240.70629701	0.0
92.3039093562	1241.46984681	0.0
92.7591782162	1242.26708803	0.0
93.2800369802	1243.17724428	0.0
93.5355682917	1243.62365541	0.0
93.9400940483	1244.32995424	0.0
94.4847794129	1245.27978334	0.0
94.825019891	1245.87304506	0.0
95.1230927053	1246.3922101	0.0
95.4444885793	1246.95190248	0.0
95.7337265554	1247.45727358	0.0
96.1380997263	1248.16528139	0.0
96.4064484192	1248.64404115	0.0
96.7368317207	1249.22326478	0.0
97.0182648243	1249.69262514	0.0
97.380065973	1250.25390443	0.0
97.669158991	1250.68603334	0.0
98.1371994578	1251.39465151	0.0
98.5750427802	1252.05944643	0.0
98.8784561707	1252.51611146	0.0
99.4677887515	1253.41882143	0.0
99.8330307548	1254.02319154	0.0
100.374893244	1254.91467104	0.0
100.815925654	1255.6413556	0.0
101.084098872	1256.09069642	0.0
101.365852411	1256.53625307	0.0
101.725479182	1257.06908998	0.0
102.116844233	1257.65807924	0.0
102.554718072	1258.32372865	0.0
102.912918145	1258.8543683	0.0
103.312210137	1259.43383607	0.0
103.815841729	1260.16918763	0.0
104.173873957	1260.70043763	0.0
104.508720453	1261.1479474	0.0
104.95634466	1261.72399721	0.0
105.274971064	1262.15722474	0.0
105.613777216	1262.59777651	0.0
105.957153376	1262.99230775	0.0
106.355682427	1263.43749818	0.0
106.839462336	1263.99242982	0.0
107.177932795	1264.38256654	0.0
107.575340327	1264.83947572	0.0
107.962326106	1265.27892885	0.0
108.390060481	1265.76659974	0.0
108.733390864	1266.20446596	0.0
109.002639825	1266.70629701	0.0
109.44915014	1267.0866681	0.0
109.785430964	1267.49975404	0.0
110.332824761	1268.17321595	0.0
110.645568902	1268.6265851	0.0
111.026237542	1269.13500795	0.0
111.442092949	1269.74316224	0.0
111.751434381	1270.29150209	0.0
112.068428094	1270.79015932	0.0
112.335350092	1271.21642885	0.0
112.615402276	1271.66576967	0.0
112.999000604	1272.28808412	0.0
113.283813531	1272.70214662	0.0
113.647308405	1273.24963197	0.0
113.925201471	1273.6722394	0.0
114.224823052	1274.12499818	0.0
114.507766778	1274.55285463	0.0
114.774040276	1275.13036928	0.0
115.135757502	1275.50304994	0.0
115.462333733	1275.99511537	0.0
115.805862481	1276.51537904	0.0
116.087867793	1276.94457826	0.0
116.453384454	1277.49426088	0.0
116.762191828	1278.02783021	0.0
117.091720635	1278.5562726	0.0
117.374595698	1279.01647767	0.0
117.640907342	1279.44994935	0.0
117.974113519	1279.99157533	0.0
118.284500178	1280.49755678	0.0
118.559593255	1280.94457826	0.0
118.834358271	1281.39330873	0.0
119.116195734	1281.89196595	0.0
119.437118585	1282.43176088	0.0
119.712158259	1282.88952455	0.0
119.971031243	1283.46056947	0.0
120.223587091	1283.9436017	0.0
120.535438593	1284.54223451	0.0
120.840934809	1285.12512025	0.0
121.062080438	1285.58068666	0.0
121.328376825	1286.239256	0.0
121.559364374	1286.75109682	0.0
121.855651911	1287.44311342	0.0
122.052452142	1288.0061017	0.0
122.236084039	1288.48180971	0.0
122.433128412	1288.98107729	0.0
122.646095331	1289.55737123	0.0
122.814621028	1290.18224916	0.0
123.003700312	1290.80700502	0.0
123.172615106	1291.3543683	0.0
123.384468134	1292.04589662	0.0
123.552505549	1292.57861146	0.0
123.782241876	1293.50170717	0.0
123.92559057	1294.22741517	0.0
124.065704402	1294.85058412	0.0
124.212234552	1295.47668275	0.0
124.347465569	1296.2281476	0.0
124.442924554	1296.84667787	0.0
124.56244665	1297.53954896	0.0
124.654861506	1298.07580385	0.0
124.79818731	1298.91467103	0.0
124.88966375	1299.45287905	0.0
125.034492548	1300.31017884	0.0
125.183670099	1301.19408998	0.0
125.335563715	1302.09472474	0.0
125.492057855	1303.02551088	0.0
125.641311701	1303.9123517	0.0
125.74717718	1304.54101381	0.0
125.855636651	1305.18786439	0.0
126.019630486	1306.15051088	0.0
126.190177973	1307.15746888	0.0
126.359230096	1308.17516908	0.0
126.503303583	1309.02001771	0.0
126.5915299	1309.53918276	0.0
126.679481562	1310.06628236	0.0
126.773513848	1310.63464174	0.0
126.952713067	1311.69128236	0.0
127.104118401	1312.5842267	0.0
127.197708184	1313.13720521	0.0
127.327278193	1313.89697084	0.0
127.454414422	1314.65283021	0.0
127.617538507	1315.614256	0.0
127.718292292	1316.20458802	0.0
127.814559992	1316.76928529	0.0
127.919456536	1317.38305482	0.0
128.089553888	1318.37255678	0.0
128.228164729	1319.18835268	0.0
128.292190607	1319.78368959	0.0
128.396972711	1320.83141908	0.0
128.659057671	1321.40441713	0.0
128.851104791	1322.25378236	0.0
129.034896905	1323.08410463	0.0
129.315948541	1324.31359682	0.0
129.521575983	1325.36242494	0.0
129.650634821	1326.01940736	0.0
129.780960139	1326.67272767	0.0
129.905502375	1327.29601869	0.0
130.033798272	1327.93896303	0.0
130.243621882	1328.99572572	0.0
130.349380547	1329.52697572	0.0
130.521347101	1330.39318666	0.0
130.706848199	1331.32531557	0.0
130.884613092	1332.21545228	0.0
131.115799006	1333.37585267	0.0
131.257003838	1334.05688295	0.0
131.391082819	1334.7416974	0.0
131.511077936	1335.44494448	0.0
131.629425103	1336.1323224	0.0
131.756088312	1336.86059389	0.0
131.950790461	1337.97595033	0.0
132.06721502	1338.64684877	0.0
132.186935479	1339.31542787	0.0
132.361175591	1340.4033185	0.0
132.511627253	1341.47436342	0.0
132.608444268	1342.15502748	0.0
132.732940729	1343.01159486	0.0
132.824554498	1343.61657533	0.0
132.908752497	1344.23022279	0.0
133.013565119	1345.2626935	0.0
133.062408502	1345.90942201	0.0
133.110015924	1346.49975404	0.0
133.163787897	1347.12817201	0.0
133.224029595	1348.12963685	0.0
133.242965753	1348.7116681	0.0
133.263519342	1349.28234682	0.0
133.302795466	1350.27612123	0.0
133.349411066	1351.42541323	0.0
133.374877986	1352.06725893	0.0
133.397232112	1352.62463197	0.0
133.437133843	1353.64233217	0.0
133.437133843	1354.28100404	0.0
133.486267145	1354.86938295	0.0
133.510833795	1355.50231752	0.0
133.534561212	1356.1278058	0.0
133.551452691	1357.13610658	0.0
133.605423028	1357.80529604	0.0
133.628311211	1358.44701967	0.0
133.630706842	1359.30541811	0.0
133.633682305	1360.12206849	0.0
133.637970026	1361.13696108	0.0
133.640625054	1361.76196107	0.0
133.643035943	1362.33556947	0.0
133.64561468	1362.95910463	0.0
133.649520929	1363.96618471	0.0
133.652023371	1364.58202944	0.0
133.654480035	1365.19103822	0.0
133.657028253	1365.82018862	0.0
133.65957647	1366.45287904	0.0
133.664047297	1367.53088197	0.0
133.666915947	1368.1849347	0.0
133.669570977	1368.80151185	0.0
133.674163874	1369.84496888	0.0
133.677383477	1370.51025209	0.0
133.680404719	1371.13366517	0.0
133.683486993	1371.76501283	0.0
133.68656927	1372.411131	0.0
133.690567072	1373.24535951	0.0
133.695068414	1374.12939272	0.0
133.698226984	1374.7573224	0.0
133.702667291	1375.62670717	0.0
133.706070001	1376.28759584	0.0
133.711120661	1377.18676576	0.0
133.717575128	1378.31774721	0.0
133.721237238	1378.96569643	0.0
133.727630671	1380.15942201	0.0
133.731674249	1380.84130677	0.0
133.735748346	1381.54577455	0.0
133.739425714	1382.24816713	0.0
133.743179376	1382.94994936	0.0
133.747238215	1383.67700014	0.0
133.751098688	1384.39379701	0.0
133.754623467	1385.09216127	0.0
133.75862127	1385.87499818	0.0
133.762222346	1386.54247865	0.0
133.765106255	1387.08434877	0.0
133.768890435	1387.80724916	0.0
133.772766168	1388.55639467	0.0
133.775451715	1389.07177553	0.0
133.782119806	1390.34423647	0.0
133.785446222	1391.00134096	0.0
133.789856012	1391.84606752	0.0
133.795364435	1392.91271791	0.0
133.798797663	1393.59033022	0.0
133.801437432	1394.16515931	0.0
133.80638128	1395.4460431	0.0
133.809188899	1396.23461732	0.0
133.811203057	1396.7840558	0.0
133.813324028	1397.32201967	0.0
133.817703301	1398.32739076	0.0
133.821044976	1399.11572084	0.0
133.824218804	1399.8321515	0.0
133.827468926	1400.60693178	0.0
133.830658013	1401.33959779	0.0
133.833663995	1402.03491029	0.0
133.836166436	1402.60033998	0.0
133.838699396	1403.22167787	0.0
133.841491755	1403.87853822	0.0
133.843460137	1404.49035463	0.0
133.846054133	1405.05444154	0.0
133.84886175	1405.63024721	0.0
133.851562555	1406.20153627	0.0
133.854629572	1406.81176576	0.0
133.857254083	1407.36852846	0.0
133.860000664	1407.95129213	0.0
133.862731988	1408.54101381	0.0
133.865402277	1409.10375795	0.0
133.868194635	1409.69079408	0.0
133.87089544	1410.25951967	0.0
133.873977715	1410.94396791	0.0
133.877792414	1411.7939435	0.0
133.880447443	1412.38268861	0.0
133.884140069	1413.18273744	0.0
133.886734063	1413.7573224	0.0
133.890060479	1414.47900209	0.0
133.89144903	1414.98779115	0.0
133.896591242	1415.89648256	0.0
133.900421197	1416.73022279	0.0
133.903320367	1417.38622865	0.0
133.905838068	1417.95556459	0.0
133.908920343	1418.64416322	0.0
133.911544854	1419.22680482	0.0
133.914444024	1419.96056947	0.0
133.916900689	1420.56872377	0.0
133.919021662	1421.07446107	0.0
133.921890314	1421.85742006	0.0
133.924438532	1422.56298646	0.0
133.927749688	1423.3901349	0.0
133.930542046	1424.05126772	0.0
133.933364923	1424.7026349	0.0
133.937118586	1425.54272279	0.0
133.939483697	1426.05773744	0.0
133.942321832	1426.66283998	0.0
133.945556696	1427.34802064	0.0
133.948288018	1427.91210756	0.0
133.950683649	1428.45654115	0.0
133.958038386	1428.97253236	0.0
133.961959893	1429.55834779	0.0
133.961471613	1430.31139955	0.0
133.962585505	1430.85778627	0.0
133.970047052	1431.614256	0.0
133.973175103	1432.15295229	0.0
133.978607232	1432.82824525	0.0
133.925308283	1433.52160463	0.0
133.907547052	1434.03063783	0.0
133.882080132	1434.72912416	0.0
133.861129817	1435.28112611	0.0
133.838439997	1435.87438783	0.0
133.814804131	1436.4871808	0.0
133.790557916	1437.12170228	0.0
133.769989069	1437.66418275	0.0
133.748733576	1438.22326479	0.0
133.718658502	1438.88317689	0.0
133.716491754	1439.57055483	0.0
133.713729914	1440.26550111	0.0
133.707046563	1440.87304506	0.0
133.70016485	1441.61022768	0.0
133.695053155	1442.22472963	0.0
133.689010674	1443.00756654	0.0
133.683853204	1443.66076479	0.0
133.677566583	1444.45678529	0.0
133.672271784	1445.14074526	0.0
133.665863093	1445.97851381	0.0
133.660278375	1446.71862611	0.0
133.654846245	1447.43517885	0.0
133.647903497	1448.33166322	0.0
133.643295343	1448.93090639	0.0
133.638702448	1449.52636537	0.0
133.631424005	1450.4625226	0.0
133.62519842	1451.25353822	0.0
133.621185358	1451.75427065	0.0
133.613052423	1452.74853334	0.0
133.606582697	1453.53539857	0.0
133.598129328	1454.54455385	0.0
133.590683038	1455.40441713	0.0
133.586181696	1455.9114972	0.0
133.581451472	1456.43334779	0.0
133.576507623	1456.97399721	0.0
133.571807917	1457.4802228	0.0
133.566574151	1458.05236635	0.0
133.561187799	1458.60253724	0.0
133.553512629	1459.3309308	0.0
133.548126276	1459.86071596	0.0
133.542221125	1460.43029604	0.0
133.536132867	1460.98644838	0.0
133.525665338	1461.93932924	0.0
133.51959234	1462.51928529	0.0
133.513565118	1463.10729799	0.0
133.507537896	1463.69848451	0.0
133.501678521	1464.28185854	0.0
133.495452935	1464.89538393	0.0
133.489837701	1465.46862612	0.0
133.482040459	1466.30834779	0.0
133.480117853	1467.12878236	0.0
133.464889582	1467.68737611	0.0
133.417282158	1468.68469057	0.0
133.391769463	1469.26952943	0.0
133.359634455	1470.0172101	0.0
133.333145196	1470.63757142	0.0
133.294494684	1471.5505353	0.0
133.273223932	1472.12365541	0.0
133.245422419	1472.64330873	0.0
133.203765925	1473.18896303	0.0
133.166519219	1473.70214662	0.0
133.131439263	1474.21508607	0.0
133.069747981	1475.04492006	0.0
132.988205011	1475.81908998	0.0
132.864028985	1476.70825014	0.0
132.756378228	1477.40038881	0.0
132.590240533	1478.18444643	0.0
132.424896295	1478.81579408	0.0
132.23027044	1479.50182924	0.0
131.957885796	1480.36254701	0.0
131.786193903	1480.85632142	0.0
131.585174616	1481.45556459	0.0
131.421890313	1481.95556459	0.0
131.226379451	1482.49413881	0.0
130.96049505	1483.17736635	0.0
130.718750054	1483.83349427	0.0
130.481948907	1484.41528139	0.0
130.24172979	1484.96972475	0.0
129.972702081	1485.52343568	0.0
129.631851251	1486.02099428	0.0
129.319885309	1486.56554994	0.0
128.973251398	1486.99816713	0.0
128.647827202	1487.47143373	0.0
128.342193659	1487.91515931	0.0
127.888008173	1488.57055483	0.0
127.525772149	1489.07238588	0.0
127.044746453	1489.56310854	0.0
126.47372442	1489.97070131	0.0
126.075347955	1490.29076967	0.0
125.483818108	1490.64904603	0.0
125.043685969	1490.97546205	0.0
124.526817377	1491.25964174	0.0
124.01002508	1491.44372377	0.0
123.446662958	1491.58984194	0.0
122.952285823	1491.77856264	0.0
122.438880974	1491.88915834	0.0
121.871200615	1492.00195131	0.0
121.31723791	1492.10265931	0.0
120.779586847	1492.13854799	0.0
120.264488275	1492.21691713	0.0
119.535568293	1492.31713685	0.0
118.925109918	1492.4012433	0.0
118.378616387	1492.45702943	0.0
117.728286799	1492.56579408	0.0
116.975692803	1492.66918764	0.0
116.477836663	1492.73766908	0.0
115.870285089	1492.82128724	0.0
115.347602898	1492.89318666	0.0
114.705993707	1492.98180971	0.0
114.040962275	1493.07324037	0.0
113.401374872	1493.16149721	0.0
112.759986933	1493.24975405	0.0
112.184837396	1493.3288556	0.0
111.448585565	1493.43005189	0.0
110.832946832	1493.51489076	0.0
110.194786126	1493.60278138	0.0
109.681083734	1493.67382631	0.0
109.156463679	1493.74560365	0.0
108.350837763	1493.85729799	0.0
107.665115412	1493.9526349	0.0
106.829200799	1494.06896791	0.0
106.121604975	1494.16772279	0.0
105.249496515	1494.28967103	0.0
104.498558099	1494.39477357	0.0
103.601577815	1494.52062807	0.0
102.864837701	1494.62389955	0.0
102.364776667	1494.69396791	0.0
101.563537652	1494.80639467	0.0
100.92344671	1494.89636049	0.0
100.426109369	1494.96618471	0.0
99.6041412899	1495.08178529	0.0
98.781532342	1495.19799623	0.0
98.2823715765	1495.26879701	0.0
97.4867554271	1495.38207826	0.0
96.5446549014	1495.51708803	0.0
95.6224823559	1495.64355287	0.0
94.8995972223	1495.75927553	0.0
94.0669556214	1495.90551576	0.0
93.4153290354	1496.01525697	0.0
92.6582184393	1496.18395814	0.0
91.9460220876	1496.34948549	0.0
91.380821283	1496.47265444	0.0
90.7770081109	1496.63610658	0.0
89.961761529	1496.89440737	0.0
89.2367477966	1497.15991029	0.0
88.7249374945	1497.37194642	0.0
88.1220322212	1497.59362611	0.0
87.6100082955	1497.80712709	0.0
87.1464462823	1498.074339	0.0
86.5813904358	1498.36486634	0.0
86.0207825251	1498.74157533	0.0
85.4365845271	1499.1422101	0.0
84.9429169254	1499.48437318	0.0
84.5634537294	1499.84057436	0.0
84.1045761663	1500.19921693	0.0
83.655151423	1500.63305482	0.0
83.1968384344	1501.05724916	0.0
82.6909943187	1501.50634584	0.0
82.3036194398	1501.88171205	0.0
81.8869019113	1502.35693178	0.0
81.5038071226	1502.89880189	0.0
81.2549286438	1503.41760072	0.0
80.9833145693	1503.9670392	0.0
80.6959000182	1504.48132143	0.0
80.3972321113	1505.02551088	0.0
80.1445465627	1505.53564271	0.0
79.9532089779	1506.17358217	0.0
79.7737579904	1506.67712221	0.0
79.5841141299	1507.1713849	0.0
79.410881098	1507.69457826	0.0
79.2549744212	1508.35717592	0.0
79.0991516661	1508.85070619	0.0
78.9952469423	1509.339964	0.0
78.9800263009	1509.85070619	0.0
78.9411774237	1510.45519838	0.0
78.8747406561	1511.04443178	0.0
78.8159180242	1511.63342103	0.0
78.7413788388	1512.36388979	0.0
78.6963272638	1512.87707338	0.0
78.6864319396	1513.41210756	0.0
78.6424637384	1514.16222963	0.0
78.6082459044	1514.74743471	0.0
78.5790024344	1515.26147279	0.0
78.5330277042	1516.0821515	0.0
78.4927750179	1516.73937807	0.0
78.4941788279	1517.28759584	0.0
78.4755402172	1517.95995912	0.0
78.4576645448	1518.55261049	0.0
78.4380951484	1519.25512513	0.0
78.4178848808	1519.97228822	0.0
78.4012528024	1520.59667787	0.0
78.3794632513	1521.36181459	0.0
78.3653183544	1521.87682924	0.0
78.3498001639	1522.43383608	0.0
78.3323441108	1523.10790834	0.0
78.3065186095	1523.76708803	0.0
78.3142090404	1524.59228334	0.0
78.342887934	1525.44384584	0.0
78.3533478331	1526.01745424	0.0
78.3639450629	1526.60815248	0.0
78.3853302543	1527.33288393	0.0
78.3717804502	1528.0932599	0.0
78.3394775951	1529.14233217	0.0
78.3235321603	1529.88317689	0.0
78.3110504698	1530.40893373	0.0
78.2917557317	1531.17968568	0.0
78.2679749093	1532.15795717	0.0
78.2470779961	1532.9974347	0.0
78.2256317681	1533.8284894	0.0
78.2004395086	1534.83337221	0.0
78.1870422915	1535.364256	0.0
78.1603775569	1536.41955385	0.0
78.1471100414	1536.95080385	0.0
78.1385346004	1537.66186342	0.0
78.1156158989	1538.22643861	0.0
78.090210015	1539.23425111	0.0
78.0632706233	1540.30077943	0.0
78.0490112854	1540.88671693	0.0
78.0351868229	1541.44860658	0.0
78.0126267019	1542.36401185	0.0
77.9987793516	1542.90795717	0.0
77.9865265443	1543.43542299	0.0
77.9687042788	1544.14282045	0.0
77.9554672782	1544.67846498	0.0
77.9397202085	1545.33630189	0.0
77.9256363466	1546.06640443	0.0
77.8913879943	1546.68481264	0.0
77.8150253854	1547.67614564	0.0
77.7604446957	1548.49548158	0.0
77.7189255305	1549.1389142	0.0
77.6804962704	1549.73681459	0.0
77.6267777033	1550.65795717	0.0
77.5628738963	1551.42748842	0.0
77.4582596385	1552.19225893	0.0
77.3452759327	1552.79247865	0.0
77.1507645194	1553.54992494	0.0
76.9288940969	1554.44738588	0.0
76.787170466	1555.03967104	0.0
76.61345678	1555.76647768	0.0
76.4153748102	1556.59240541	0.0
76.2787857614	1557.16186342	0.0
76.1475525455	1557.70910463	0.0
76.0237427303	1558.22509584	0.0
75.8693085269	1558.86913881	0.0
75.7075043285	1559.54369936	0.0
75.5080566962	1560.37548647	0.0
75.3429565981	1561.06384096	0.0
75.131691035	1561.94433412	0.0
74.9927368704	1562.50134096	0.0
74.8282318668	1563.2248517	0.0
74.7260971624	1563.84972963	0.0
74.679657037	1564.57348451	0.0
74.4977112369	1565.1623517	0.0
74.3689346866	1565.87206849	0.0
74.2648468573	1566.43762025	0.0
74.1648789003	1566.96899232	0.0
74.0557404112	1567.57055482	0.0
74.009727534	1568.16857729	0.0
73.9850006652	1568.71948061	0.0
73.9438248241	1569.4625226	0.0
73.9152680002	1570.30151185	0.0
73.8289719186	1571.11413393	0.0
73.7794800354	1571.83129701	0.0
73.7199554985	1572.65478334	0.0
73.6873550967	1573.24804506	0.0
73.6695557201	1573.81310854	0.0
73.6604767396	1574.68664369	0.0
73.6404038027	1575.53368959	0.0
73.6198273261	1576.36169252	0.0
73.6015930718	1577.10485658	0.0
73.5800324028	1577.99267397	0.0
73.5557709283	1578.77331361	0.0
73.5539017281	1579.34948549	0.0
73.5614166803	1580.07946596	0.0
73.5627060478	1580.80346498	0.0
73.5568390436	1581.59289369	0.0
73.593139703	1582.46008119	0.0
73.626213129	1583.13940248	0.0
73.651878411	1583.79955873	0.0
73.680854853	1584.57885561	0.0
73.700149592	1585.09545717	0.0
73.7239151557	1585.72106752	0.0
73.7548752389	1586.51330384	0.0
73.779289301	1587.13830385	0.0
73.800827081	1587.69116029	0.0
73.8271561214	1588.36572084	0.0
73.8545532785	1589.0710431	0.0
73.8791657046	1589.85375795	0.0
73.9411774231	1590.60485659	0.0
74.0327835637	1591.24011049	0.0
74.1197586599	1591.964964	0.0
74.1880798885	1592.55981264	0.0
74.2653809143	1593.23437318	0.0
74.3322525584	1593.81640444	0.0
74.3690033517	1594.4838849	0.0
74.5183792671	1595.17211733	0.0
74.615699824	1595.69579896	0.0
74.720634515	1596.32726869	0.0
74.8551407406	1597.14697084	0.0
74.9326630178	1597.65795717	0.0
75.0620270336	1598.27184877	0.0
75.204338129	1598.7573224	0.0
75.4421921322	1599.33935365	0.0
75.7029877257	1599.9468976	0.0
75.9020538891	1600.46545229	0.0
76.1945267274	1601.15295228	0.0
76.4755707338	1601.64416322	0.0
76.7195892872	1602.1356183	0.0
77.08258825	1602.77941713	0.0
77.3790283751	1603.23290834	0.0
77.6430512014	1603.68847474	0.0
77.9475250792	1604.13915834	0.0
78.2965317323	1604.55859193	0.0
78.844177301	1605.07299623	0.0
79.5508575987	1605.5352765	0.0
80.0848236631	1605.85851869	0.0
80.5139389592	1606.14379701	0.0
81.0625000555	1606.5151349	0.0
81.6421661931	1606.84008608	0.0
82.2773514352	1607.08263979	0.0
82.9075089046	1607.2729474	0.0
83.5323486869	1607.5172101	0.0
84.1130829411	1607.67712221	0.0
84.6344070978	1607.73242006	0.0
85.262748773	1607.81603822	0.0
85.8573685244	1607.92199526	0.0
86.4241638734	1608.01708803	0.0
86.9523544871	1608.08398256	0.0
87.6403580251	1608.13842592	0.0
88.2263031561	1608.20934877	0.0
88.7478561949	1608.23254213	0.0
89.3453064513	1608.26977357	0.0
89.9030304505	1608.30944643	0.0
90.5559387768	1608.35351381	0.0
91.1614609319	1608.3942853	0.0
91.8092880809	1608.44164858	0.0
92.3223648621	1608.46777162	0.0
92.8344803416	1608.43725404	0.0
93.3766632634	1608.43273744	0.0
94.1529236384	1608.43322572	0.0
94.7553024845	1608.43163881	0.0
95.2606201731	1608.42968568	0.0
95.787048395	1608.4279767	0.0
96.4578934265	1608.4259015	0.0
97.1209412171	1608.42382631	0.0
97.6923752383	1608.4222394	0.0
98.4062653139	1608.42028627	0.0
99.13022619	1608.41845521	0.0
99.6347733098	1608.41735658	0.0
100.380470331	1608.41540346	0.0
101.024620111	1608.4135724	0.0
101.818466242	1608.4114972	0.0
102.469810541	1608.41003236	0.0
103.299049432	1608.40734682	0.0
104.154624994	1608.40466127	0.0
104.859329278	1608.40270814	0.0
105.749969538	1608.40038881	0.0
106.490737969	1608.39831362	0.0
107.098762567	1608.3967267	0.0
107.863403376	1608.39477358	0.0
108.487075861	1608.39318666	0.0
109.559845025	1608.39086732	0.0
110.180137689	1608.39025697	0.0
110.77953344	1608.39025697	0.0
111.352638299	1608.39111146	0.0
112.080734307	1608.39306459	0.0
112.942649896	1608.39575013	0.0
113.77161413	1608.395506	0.0
114.295509394	1608.39538393	0.0
115.139480647	1608.395506	0.0
115.759872492	1608.39562807	0.0
116.368240412	1608.39562807	0.0
117.298324639	1608.39501771	0.0
118.074920709	1608.39513979	0.0
118.9722138	1608.39526186	0.0
119.684013421	1608.39489565	0.0
120.447853143	1608.39404115	0.0
121.371208245	1608.39257631	0.0
122.053031975	1608.39098939	0.0
122.833801324	1608.38867006	0.0
123.453331049	1608.38647279	0.0
123.967651421	1608.38464174	0.0
124.578704889	1608.37975893	0.0
125.285987908	1608.38427552	0.0
125.880607659	1608.4312726	0.0
126.475265558	1608.520506	0.0
127.160469111	1608.60070619	0.0
127.825515801	1608.67053041	0.0
128.35012823	1608.7239972	0.0
128.895553644	1608.81493959	0.0
129.404953058	1608.95165834	0.0
129.900466973	1609.08862123	0.0
130.38893133	1609.21459779	0.0
130.901123102	1609.39196596	0.0
131.397232111	1609.63403139	0.0
131.880676324	1609.9448224	0.0
132.325882012	1610.30114565	0.0
132.767013605	1610.62768373	0.0
133.212188776	1610.93932924	0.0
133.655120905	1611.25085267	0.0
134.255081231	1611.70324525	0.0
134.812133845	1612.14758119	0.0
135.235748345	1612.46520815	0.0
135.739868218	1612.89880189	0.0
136.164810236	1613.39135561	0.0
136.509735162	1613.94836244	0.0
136.759796198	1614.39318666	0.0
137.120407159	1614.94189272	0.0
137.434051568	1615.47363099	0.0
137.692947442	1616.13134584	0.0
137.825225886	1616.75988588	0.0
137.914276179	1617.31591615	0.0
138.040451105	1617.83190736	0.0
138.124603326	1618.39355287	0.0
138.115646417	1618.94457826	0.0
138.159515436	1619.47289857	0.0
138.135086115	1620.01342592	0.0
138.108581597	1620.65734682	0.0
138.102325495	1621.17101869	0.0
138.092392023	1621.67822084	0.0
138.081192071	1622.23376284	0.0
138.070663506	1622.74889955	0.0
138.063278253	1623.26452455	0.0
137.995117243	1623.80200013	0.0
137.920898491	1624.53808412	0.0
137.87078863	1625.11938295	0.0
137.797332818	1625.93749818	0.0
137.749786432	1626.46191225	0.0
137.690536554	1627.11816224	0.0
137.640747125	1627.67004213	0.0
137.579147393	1628.35363588	0.0
137.515884455	1629.05810365	0.0
137.430191094	1630.01525697	0.0
137.398605402	1630.75658998	0.0
137.295120294	1631.52160463	0.0
137.235412652	1632.18871889	0.0
137.164642389	1632.97851381	0.0
137.091980035	1633.7897931	0.0
137.029617365	1634.4851056	0.0
136.954345758	1635.32348451	0.0
136.881088311	1636.20251283	0.0
136.804290826	1636.90563783	0.0
136.655578669	1637.7885724	0.0
136.524398859	1638.68591127	0.0
136.439849908	1639.27709779	0.0
136.324050959	1639.8745099	0.0
136.162170465	1640.63964662	0.0
135.977920587	1641.57140931	0.0
135.879943903	1642.06469545	0.0
135.724060113	1642.84338197	0.0
135.613311822	1643.33190736	0.0
135.469909723	1643.98669252	0.0
135.358581599	1644.49560365	0.0
135.146026667	1645.49316224	0.0
134.896163995	1646.44738588	0.0
134.754364069	1646.96484193	0.0
134.623992975	1647.45873842	0.0
134.488952692	1647.98522768	0.0
134.352050835	1648.47192201	0.0
134.078811701	1649.31469545	0.0
133.88414007	1649.83520326	0.0
133.712738091	1650.30969056	0.0
133.521575983	1650.84887514	0.0
133.220794732	1651.71557435	0.0
132.900253352	1652.57324037	0.0
132.66450506	1653.13220033	0.0
132.466644341	1653.61376771	0.0
132.243347222	1654.16174135	0.0
132.042984064	1654.65917787	0.0
131.843490655	1655.16113099	0.0
131.643585261	1655.64440736	0.0
131.264373834	1656.47509584	0.0
131.016738947	1656.94665346	0.0
130.608871515	1657.72765932	0.0
130.363830621	1658.20239076	0.0
129.829834039	1659.23608217	0.0
129.568298395	1659.68102846	0.0
129.1466065	1660.37621888	0.0
128.882019099	1660.82226381	0.0
128.554016167	1661.3913556	0.0
128.220245415	1661.94604311	0.0
127.775436455	1662.59936342	0.0
127.472755487	1663.03820619	0.0
127.113258418	1663.57018861	0.0
126.943779046	1664.23827943	0.0
126.484046991	1664.5085431	0.0
125.931091364	1665.33166322	0.0
125.357994133	1666.18395815	0.0
124.877632196	1666.90563783	0.0
124.398780878	1667.60839662	0.0
124.072158869	1668.04028139	0.0
123.558219964	1668.72704897	0.0
123.171760613	1669.25109682	0.0
122.864646966	1669.66845521	0.0
122.393783625	1670.30785951	0.0
121.800155694	1671.11388979	0.0
121.28244024	1671.81616029	0.0
120.680381829	1672.64245424	0.0
120.364677484	1673.06384096	0.0
119.810813959	1673.73876771	0.0
119.146644648	1674.55859193	0.0
118.825782831	1674.95666322	0.0
118.454231318	1675.41674623	0.0
118.13753515	1675.80846987	0.0
117.760543879	1676.27538881	0.0
117.196647699	1676.97778139	0.0
116.446136529	1677.83447084	0.0
115.809700066	1678.56957826	0.0
115.181999261	1679.30261049	0.0
114.807548578	1679.71923646	0.0
114.404945429	1680.14562806	0.0
113.860343988	1680.68054018	0.0
113.275276239	1681.22302064	0.0
112.538330132	1681.91979799	0.0
112.11181646	1682.32409486	0.0
111.664321955	1682.74743471	0.0
111.212165887	1683.17455873	0.0
110.762130791	1683.59948549	0.0
110.042648371	1684.28588685	0.0
109.550224358	1684.73632631	0.0
109.07062536	1685.15441713	0.0
108.593788201	1685.54076967	0.0
108.133033808	1685.90160951	0.0
107.409553582	1686.4760724	0.0
106.912933404	1686.87292299	0.0
106.401023919	1687.2807599	0.0
105.894287164	1687.68346986	0.0
105.375869805	1688.09521303	0.0
104.875854546	1688.49914369	0.0
103.823249871	1689.30566225	0.0
103.075996455	1689.83459291	0.0
102.329162652	1690.31762514	0.0
101.57780462	1690.7795392	0.0
100.790184075	1691.2684308	0.0
100.000610407	1691.75890931	0.0
99.4508438666	1692.09972963	0.0
99.0245438177	1692.36364564	0.0
98.0202866148	1692.9896222	0.0
97.4270630431	1693.35693178	0.0
96.8112183165	1693.72204408	0.0
96.1957245431	1694.06970033	0.0
95.5707321717	1694.3991681	0.0
94.7222900947	1694.81823549	0.0
94.1077271058	1695.12353334	0.0
92.8805542531	1695.73705873	0.0
91.6871491036	1696.32275209	0.0
91.0615463803	1696.60815248	0.0
90.4515152525	1696.85705385	0.0
89.4071045463	1697.28515443	0.0
88.8025131779	1697.53454408	0.0
88.2152710511	1697.77734193	0.0
87.4111786442	1698.11034974	0.0
86.6258011403	1698.43603334	0.0
85.4935150693	1698.90637026	0.0
84.3702774596	1699.37170228	0.0
83.7446976251	1699.6109601	0.0
83.0545731143	1699.86315736	0.0
82.5648499093	1700.04211244	0.0
81.6754150944	1700.36620912	0.0
81.1491852364	1700.55785951	0.0
80.6694489077	1700.7326642	0.0
80.1431427553	1700.92382631	0.0
79.3491821843	1701.21191225	0.0
78.3545914239	1701.57226381	0.0
77.5775299628	1701.85351381	0.0
76.6894760683	1702.17455873	0.0
75.9261169994	1702.45092592	0.0
75.1584320609	1702.72900209	0.0
74.594635064	1702.93285951	0.0
73.7504425609	1703.23864564	0.0
72.9355850771	1703.53332338	0.0
72.2641907295	1703.77599916	0.0
71.5099411562	1704.04858217	0.0
70.8507538384	1704.28185853	0.0
70.207984979	1704.52367982	0.0
69.6955719548	1704.74682435	0.0
69.0827255791	1705.04858216	0.0
68.4910202574	1705.32494935	0.0
67.7783356254	1705.64709291	0.0
67.2378159126	1705.91857729	0.0
66.7175980171	1706.23132143	0.0
66.0722122751	1706.59496889	0.0
65.6320801329	1706.83703431	0.0
64.9595566342	1707.20959291	0.0
64.2845688406	1707.58483705	0.0
63.6977921072	1707.90649232	0.0
63.0089645945	1708.30602846	0.0
62.4372635445	1708.68078432	0.0
61.8879089909	1709.02429018	0.0
61.2241707408	1709.4279767	0.0
60.7486038752	1709.72888002	0.0
60.317478234	1710.0340558	0.0
59.6749344429	1710.46984682	0.0
59.1691856929	1710.79980287	0.0
58.5639458245	1711.2528058	0.0
58.0639916027	1711.65368471	0.0
57.4678040102	1712.10229311	0.0
56.9787979669	1712.4859601	0.0
56.4991226748	1712.92553529	0.0
56.1177254276	1713.26525697	0.0
55.6136704031	1713.70312318	0.0
55.2078972411	1714.05651673	0.0
54.7678223195	1714.44116029	0.0
54.3601723275	1714.79504213	0.0
53.7456856317	1715.33776674	0.0
53.2497215812	1715.84106264	0.0
52.6329994756	1716.45580873	0.0
52.0109253487	1717.06359682	0.0
51.461105401	1717.6064435	0.0
51.1585426876	1718.18102846	0.0
50.5704155511	1718.6323224	0.0
50.1224327642	1719.20507631	0.0
49.5248756965	1719.93737611	0.0
49.2082329353	1720.32946596	0.0
48.7446480345	1720.96459779	0.0
48.2761345463	1721.64025697	0.0
47.9057426993	1722.15991029	0.0
47.4150467463	1722.84765443	0.0
47.1114845815	1723.27441225	0.0
46.6400909984	1723.93798647	0.0
46.035633143	1724.78820619	0.0
45.5094261716	1725.51818666	0.0
45.2076454715	1725.95629701	0.0
44.9218712395	1726.40283021	0.0
44.62139898	1726.85949525	0.0
44.1136704034	1727.62341127	0.0
43.555481013	1728.55590639	0.0
43.1586647594	1729.32531557	0.0
42.8842125493	1729.86608705	0.0
42.6403885435	1730.33849916	0.0
42.2036514824	1731.18273744	0.0
41.7534103935	1732.04418763	0.0
41.4959564758	1732.56066713	0.0
41.0196686335	1733.63085756	0.0
40.6565170831	1734.50829897	0.0
40.33492666	1735.26891908	0.0
39.9479485108	1736.17565736	0.0
39.7353592464	1736.71410951	0.0
39.5218468258	1737.31542787	0.0
39.1907654366	1738.29052553	0.0
38.9991150441	1738.84252748	0.0
38.7854691095	1739.45324526	0.0
38.579208429	1740.03332338	0.0
38.3118553713	1740.84118471	0.0
38.0761986332	1741.63488588	0.0
37.7741203857	1742.87499819	0.0
37.6437454768	1743.49560365	0.0
37.4154205876	1744.55187807	0.0
37.1837502072	1745.60607729	0.0
37.0495682312	1746.22472963	0.0
36.9173508235	1746.89953431	0.0
36.808120782	1747.53210267	0.0
36.7184525089	1748.18810854	0.0
36.5787735534	1749.31274232	0.0
36.4309502186	1750.4234601	0.0
36.3311348511	1751.37084779	0.0
36.2810249873	1752.0151349	0.0
36.2522049506	1752.72863588	0.0
36.216438348	1753.63195619	0.0
36.1868477407	1754.33569154	0.0
36.1375771111	1755.5262433	0.0
36.1193466733	1756.68542299	0.0
36.0525856573	1757.64086732	0.0
36.0139046268	1758.60253724	0.0
35.9695587716	1759.56811342	0.0
35.9342003428	1761.02966127	0.0
35.9422989445	1761.53710756	0.0
35.9512978158	1762.25268373	0.0
35.9592285713	1763.01220521	0.0
35.9671783997	1763.73449525	0.0
35.9671783997	1764.24328432	0.0
35.9910317016	1765.69958314	0.0
35.9997940611	1766.40893373	0.0
36.0083580574	1767.1068097	0.0
36.0224953246	1768.27917299	0.0
36.0224953246	1768.9884015	0.0
36.0423241215	1770.12365541	0.0
36.0492096492	1770.77892885	0.0
36.0563583932	1771.45861635	0.0
36.0681839544	1772.57031068	0.0
36.0802612845	1773.65978822	0.0
36.0899086554	1774.53576478	0.0
36.0971680246	1775.20324525	0.0
36.1090126595	1776.31542787	0.0
36.1208344055	1777.4246808	0.0
36.1290054872	1778.17455873	0.0
36.1358566832	1778.80798158	0.0
36.1436882575	1779.53149233	0.0
36.1564827513	1780.70055971	0.0
36.1697464532	1781.87377748	0.0
36.1779747558	1782.60497865	0.0
36.1861801703	1783.31139955	0.0
36.2034340444	1784.7684308	0.0
36.2118759698	1785.4904767	0.0
36.2264595574	1786.74560365	0.0
36.2347298215	1787.45971498	0.0
36.2407417842	1787.98364076	0.0
36.2465172375	1788.48791323	0.0
36.261089381	1789.49816713	0.0
36.2694817138	1790.0106183	0.0
36.2654038023	1790.81652651	0.0
36.2555809579	1791.51672182	0.0
36.2555809579	1792.26647767	0.0
36.2302818851	1793.44677553	0.0
36.2206459588	1794.18054018	0.0
36.2045288629	1795.38146791	0.0
36.1845284049	1796.78906068	0.0
36.1640472955	1798.17638979	0.0
36.1470985953	1799.29028138	0.0
36.1367989145	1799.96594056	0.0
36.1265183037	1800.62792787	0.0
36.1162453241	1801.28747377	0.0
36.1061478219	1801.94958314	0.0
36.0904923042	1803.01147279	0.0
36.0809898927	1803.6726056	0.0
36.072753962	1804.2593976	0.0
36.0610275815	1805.12023744	0.0
36.0503311715	1805.92663393	0.0
36.034400994	1807.14477357	0.0
36.0209694454	1808.1043683	0.0
36.0120430538	1808.72912416	0.0
36.004474695	1809.28393373	0.0
35.9966126029	1809.8634015	0.0
35.9837380006	1810.81616029	0.0
35.9767227711	1811.37109193	0.0
35.9703255253	1811.90551576	0.0
35.9643250057	1812.44433412	0.0
35.9565697272	1813.16943177	0.0
35.9492569517	1813.86144838	0.0
35.9403114863	1814.70666322	0.0
35.9344788137	1815.2371808	0.0
35.9245911201	1816.07226381	0.0
35.9142723631	1816.87487612	0.0
35.9055328912	1817.52209291	0.0
35.8971252996	1818.13403139	0.0
35.8882866451	1818.77001772	0.0
35.879936273	1819.36462221	0.0
35.8714676444	1819.96557436	0.0
35.8590736944	1820.83312807	0.0
35.8465614865	1821.68945131	0.0
35.8339195803	1822.52160463	0.0
35.8237686696	1823.18688783	0.0
35.8078613828	1823.83752259	0.0
35.8166504456	1824.45507631	0.0
35.8679276057	1825.13329896	0.0
35.9448319036	1825.63207826	0.0
35.9976120538	1826.37682924	0.0
36.1185265133	1826.97253236	0.0
36.1854706368	1827.56493959	0.0
36.3092423031	1828.25805482	0.0
36.4290466868	1828.95129213	0.0
36.7390404298	1829.62731752	0.0
36.9920769279	1830.15612611	0.0
37.2729454584	1830.78149232	0.0
37.4854622429	1831.28918275	0.0
37.7625542237	1831.8745099	0.0
38.095092829	1832.42614564	0.0
38.5088005615	1833.15051088	0.0
38.9007454466	1833.83447084	0.0
39.2543831412	1834.31469545	0.0
39.5847626285	1834.70312318	0.0
39.9387703492	1835.15966615	0.0
40.2814484188	1835.61450014	0.0
40.5460434509	1836.19848451	0.0
41.0345497681	1836.52844057	0.0
41.4403954096	1836.88195619	0.0
42.0283012942	1837.34264955	0.0
42.5675545278	1837.81469545	0.0
43.0579491206	1838.24194154	0.0
43.5282249995	1838.64855775	0.0
44.0299530581	1839.0821515	0.0
44.4307137088	1839.42870912	0.0
44.8269692019	1839.77160463	0.0
45.3806038455	1840.2449933	0.0
45.8406906674	1840.67602357	0.0
46.2777672358	1841.24755678	0.0
46.6167717523	1841.68310365	0.0
46.9570618215	1842.07580385	0.0
47.2662163338	1842.56213197	0.0
47.5567627508	1843.04772767	0.0
47.9313164311	1843.60485658	0.0
48.2552033015	1844.09631166	0.0
48.5552788329	1844.55309877	0.0
48.8565064023	1845.01147279	0.0
49.1736145571	1845.50427064	0.0
49.5066376278	1845.98571595	0.0
49.8828201835	1846.4382306	0.0
50.4564858042	1846.98364076	0.0
50.9550476623	1847.33776674	0.0
51.4669304439	1847.70092592	0.0
51.9511375974	1848.06896791	0.0
52.5345192498	1848.51135072	0.0
53.0632896967	1848.90832338	0.0
53.5995140633	1849.31799135	0.0
54.0624352043	1849.63989076	0.0
54.6503868647	1849.98791322	0.0
55.2628441402	1850.27612123	0.0
55.9148369396	1850.51794252	0.0
56.3792954037	1850.70483217	0.0
56.9405556276	1850.94311342	0.0
57.663696343	1851.19067201	0.0
58.3731346685	1851.37048158	0.0
58.9792252145	1851.47192201	0.0
59.760997827	1851.53649721	0.0
60.3956375683	1851.60351381	0.0
61.0821152274	1851.68054017	0.0
61.9109230601	1851.76977357	0.0
62.7494545522	1851.85827455	0.0
63.3249245245	1851.9201642	0.0
63.9004250114	1851.98168764	0.0
64.4937592105	1852.04369936	0.0
65.1009903504	1852.10754213	0.0
66.0007858814	1852.20495424	0.0
66.7745285587	1852.24181947	0.0
67.7089233952	1852.29406556	0.0
68.5118256154	1852.34240541	0.0
69.1467972358	1852.37890443	0.0
69.8108444766	1852.41662416	0.0
70.8132782541	1852.4748517	0.0
71.8236466006	1852.53368959	0.0
72.3295059758	1852.56298646	0.0
72.8577271059	1852.59362611	0.0
73.7460327701	1852.64538392	0.0
74.2596436089	1852.67516908	0.0
74.8096542899	1852.70715151	0.0
75.3314514709	1852.73730287	0.0
76.0761414114	1852.78051576	0.0
76.8199463434	1852.82336244	0.0
77.7477112369	1852.87707338	0.0
78.3235474176	1852.91015443	0.0
78.8844223574	1852.94238099	0.0
79.4629288262	1852.97558412	0.0
80.4297104423	1853.03112611	0.0
81.0201721748	1853.06506166	0.0
81.8130569998	1853.11034974	0.0
82.3966522766	1853.14404115	0.0
82.9980698192	1853.17822084	0.0
83.6033936103	1853.21301088	0.0
84.649131829	1853.27306947	0.0
85.2892304013	1853.3095685	0.0
85.8825302676	1853.34399232	0.0
86.5214844297	1853.38049135	0.0
87.5474167427	1853.43932924	0.0
88.3935852606	1853.48803529	0.0
89.2156220025	1853.53515443	0.0
90.5294876649	1853.6109601	0.0
91.2138672433	1853.65038881	0.0
92.344642694	1853.71594057	0.0
92.9998779856	1853.75402651	0.0
93.685264643	1853.79394349	0.0
94.3660660348	1853.83361635	0.0
95.0701675955	1853.87487611	0.0
95.7676163258	1853.91552553	0.0
96.6839447573	1853.96862612	0.0
97.6645126893	1854.02563295	0.0
98.7821350649	1854.09057436	0.0
99.5232544488	1854.13342103	0.0
100.736915643	1854.20422182	0.0
101.240272578	1854.23327455	0.0
102.186386163	1854.2885724	0.0
102.714393671	1854.31908998	0.0
103.676826532	1854.37499818	0.0
104.190025384	1854.40490541	0.0
104.948608454	1854.44848451	0.0
106.463958796	1854.53515443	0.0
107.748642023	1854.60827455	0.0
108.268493708	1854.63793764	0.0
109.237815913	1854.6936017	0.0
109.802894647	1854.72631654	0.0
110.588470515	1854.77209291	0.0
111.389114436	1854.81872377	0.0
111.928710992	1854.85070619	0.0
112.999092156	1854.91418275	0.0
113.77892309	1854.96032533	0.0
114.603096064	1855.00903139	0.0
115.424675043	1855.05724916	0.0
116.215210017	1855.10864076	0.0
116.760482842	1855.13940248	0.0
117.583419855	1855.17284975	0.0
118.126655634	1855.17992982	0.0
118.903007563	1855.18639955	0.0
119.528144892	1855.19274721	0.0
120.327156121	1855.20068178	0.0
121.213180597	1855.20959291	0.0
122.050376946	1855.21764955	0.0
122.888992365	1855.2260724	0.0
123.472961481	1855.23168764	0.0
124.595924432	1855.24230775	0.0
125.187080437	1855.2482892	0.0
126.050788935	1855.25744447	0.0
126.599372919	1855.26354799	0.0
127.432640131	1855.27270326	0.0
128.049667413	1855.27966127	0.0
129.141159114	1855.29101381	0.0
129.848648126	1855.29882631	0.0
131.344574031	1855.31445131	0.0
132.223159844	1855.32336244	0.0
133.060852107	1855.33129701	0.0
133.840133721	1855.34252748	0.0
134.641067559	1855.34692201	0.0
135.161438043	1855.34606752	0.0
136.216339165	1855.32372865	0.0
137.51670843	1855.24438295	0.0
138.283416803	1855.18993959	0.0
138.785598811	1855.15270814	0.0
139.515701348	1855.09728822	0.0
140.291870172	1855.0406476	0.0
140.990982111	1854.98022279	0.0
142.256790216	1854.83337221	0.0
143.239898736	1854.68884096	0.0
144.41021734	1854.52062807	0.0
145.107650811	1854.41540346	0.0
146.500244195	1854.15722475	0.0
147.634475764	1853.9279767	0.0
148.296890313	1853.79430971	0.0
148.967514092	1853.6623517	0.0
149.593643244	1853.53222475	0.0
150.266998347	1853.37743959	0.0
150.897796685	1853.20983705	0.0
151.548049982	1853.02563295	0.0
152.201294	1852.84557924	0.0
152.782074029	1852.68554506	0.0
153.861969048	1852.36279115	0.0
155.114379938	1851.92443666	0.0
155.694900567	1851.72387513	0.0
156.31030279	1851.51574525	0.0
156.916992242	1851.29760561	0.0
157.953567559	1850.88744935	0.0
158.528503472	1850.63744935	0.0
159.12330633	1850.35119447	0.0
160.047485407	1849.91259584	0.0
161.006759698	1849.45763978	0.0
161.542373712	1849.1849347	0.0
162.123519953	1848.87060365	0.0
162.652084406	1848.55920229	0.0
163.189956719	1848.23156556	0.0
163.728851374	1847.9066144	0.0
164.068557794	1847.38415346	0.0
164.605667168	1847.38415346	0.0
164.947692927	1846.86413392	0.0
165.624374444	1846.73229799	0.0
166.489028986	1846.14855775	0.0
167.356781062	1845.57360658	0.0
167.844146783	1845.2528058	0.0
168.335968072	1844.91528139	0.0
169.358657892	1844.15075502	0.0
169.837081963	1843.77526674	0.0
170.639450128	1843.15038881	0.0
171.560211236	1842.43713197	0.0
172.293472346	1841.82201967	0.0
173.176025446	1841.004881	0.0
173.915100153	1840.33459291	0.0
174.321594294	1839.94433412	0.0
175.002517756	1839.23205385	0.0
175.785614069	1838.37560853	0.0
176.155365044	1837.97485169	0.0
176.561721858	1837.53661928	0.0
177.175628717	1836.87158022	0.0
177.538818414	1836.4559308	0.0
178.140472467	1835.70629701	0.0
178.834091242	1834.82812318	0.0
179.055664118	1834.12487611	0.0
179.712585505	1833.67834291	0.0
180.031631525	1833.19994935	0.0
180.326461846	1832.74487123	0.0
180.826782282	1831.98705873	0.0
181.116149956	1831.56066713	0.0
181.429992732	1831.08984193	0.0
181.894897517	1830.32250795	0.0
182.319198664	1829.58239564	0.0
182.871719415	1828.6389142	0.0
183.133270318	1828.20068178	0.0
183.406936699	1827.73913392	0.0
183.831207331	1826.96203432	0.0
184.081512507	1826.50793275	0.0
184.490905817	1825.76879701	0.0
184.79025274	1825.22753725	0.0
185.195327814	1824.4929181	0.0
185.532211358	1823.88158998	0.0
185.930450493	1823.15795716	0.0
186.341995295	1822.40868959	0.0
186.841354424	1821.49731264	0.0
187.271377617	1820.71764955	0.0
187.53572088	1820.23974427	0.0
187.77476507	1819.78478822	0.0
188.010574395	1819.2918683	0.0
188.313461359	1818.64526185	0.0
188.598815974	1818.04858217	0.0
188.821746881	1817.58495912	0.0
189.199020442	1816.81188783	0.0
189.549026544	1816.02721986	0.0
189.932937677	1815.01293764	0.0
190.226959284	1814.23168764	0.0
190.505493218	1813.48705873	0.0
190.796051081	1812.53881654	0.0
191.065307673	1811.60510072	0.0
191.246841486	1810.99658021	0.0
191.431228693	1810.37927064	0.0
191.720153863	1809.40844545	0.0
191.863784844	1808.92480287	0.0
192.010818536	1808.42956361	0.0
192.244705256	1807.6413556	0.0
192.504531915	1806.76525697	0.0
192.649185235	1806.27734193	0.0
192.799163874	1805.77148256	0.0
193.060409601	1804.8901349	0.0
193.215347345	1804.38464174	0.0
193.460998589	1803.52477846	0.0
193.592865045	1802.96362123	0.0
193.709320123	1802.45409975	0.0
193.850158746	1801.86291322	0.0
194.057876641	1800.99999818	0.0
194.200012261	1800.40673646	0.0
194.337707575	1799.83007631	0.0
194.469818171	1799.27599916	0.0
194.605423029	1798.71691713	0.0
194.749176079	1798.12804994	0.0
194.916091973	1797.36437807	0.0
195.05929571	1796.59020814	0.0
195.185394341	1795.6422101	0.0
195.25837713	1795.0172101	0.0
195.378051812	1794.05126771	0.0
195.463501031	1793.36437806	0.0
195.530197198	1792.82299623	0.0
195.612564141	1792.15136537	0.0
195.688980158	1791.52660951	0.0
195.817062432	1790.47802553	0.0
195.896301325	1789.82848939	0.0
195.945587213	1788.96972475	0.0
196.103744561	1788.12670717	0.0
196.261856134	1786.82946596	0.0
196.348281916	1786.15563783	0.0
196.476226862	1785.04406557	0.0
196.526092585	1784.39440736	0.0
196.569427545	1783.71398744	0.0
196.616439874	1783.0319806	0.0
196.663070733	1782.37072572	0.0
196.69992071	1781.84557924	0.0
196.746154839	1781.18151674	0.0
196.824173028	1780.05041322	0.0
196.874557551	1779.31835756	0.0
196.954101617	1778.1689435	0.0
196.991958673	1777.62402162	0.0
197.056732233	1776.68823061	0.0
197.0916596	1776.18237123	0.0
197.142669733	1775.4468976	0.0
197.193588311	1774.7326642	0.0
197.250244196	1773.97961244	0.0
197.292205865	1773.26806459	0.0
197.308349665	1772.75366029	0.0
197.3265534	1772.00829896	0.0
197.3265534	1771.03417787	0.0
197.368286188	1770.50817689	0.0
197.389663751	1769.72472963	0.0
197.409988458	1768.97057924	0.0
197.43025213	1768.2125226	0.0
197.451431329	1767.41808901	0.0
197.470687921	1766.6948224	0.0
197.492584284	1765.88207826	0.0
197.53005987	1764.57067689	0.0
197.549316462	1763.9793683	0.0
197.565155085	1763.21899232	0.0
197.562515314	1762.19054994	0.0
197.543014581	1761.62682924	0.0
197.525848442	1761.10986146	0.0
197.506744439	1760.51952944	0.0
197.464920098	1759.22179994	0.0
197.417068536	1757.7906476	0.0
197.386657771	1756.89184389	0.0
197.337204035	1755.5352765	0.0
197.310669	1754.73254213	0.0
197.300277765	1753.88964662	0.0
197.306793268	1753.07568177	0.0
197.312271174	1752.19592103	0.0
197.315918024	1751.61950502	0.0
197.323181207	1750.49743471	0.0
197.328750664	1749.66247377	0.0
197.334823663	1748.75561342	0.0
197.344512994	1747.32324037	0.0
197.348632868	1746.71655092	0.0
197.35665899	1745.55468568	0.0
197.363113459	1744.61437807	0.0
197.36688238	1744.05602846	0.0
197.372863825	1743.15087709	0.0
197.378540094	1742.27282533	0.0
197.382400567	1741.65624818	0.0
197.387817438	1740.78552065	0.0
197.393234307	1739.90283022	0.0
197.397399957	1739.22924623	0.0
197.404983574	1738.02306947	0.0
197.414917048	1736.46520814	0.0
197.419067437	1735.83447084	0.0
197.425521906	1734.89575014	0.0
197.431991631	1733.99133119	0.0
197.441375787	1732.699339	0.0
197.445816094	1732.07263002	0.0
197.452072199	1731.13854799	0.0
197.458389336	1730.17333802	0.0
197.458389336	1729.21740541	0.0
197.47019964	1728.24181947	0.0
197.473877009	1727.62853822	0.0
197.479995783	1726.60864076	0.0
197.485885676	1725.64001283	0.0
197.492309625	1724.6467267	0.0
197.498703058	1723.66638002	0.0
197.505065974	1722.66198549	0.0
197.511261042	1721.68188295	0.0
197.515258845	1721.03796205	0.0
197.519683893	1720.32629213	0.0
197.527465875	1719.03808412	0.0
197.531936701	1718.25085267	0.0
197.539352471	1716.93835267	0.0
197.543304498	1716.25012025	0.0
197.549285943	1715.1878644	0.0
197.554672295	1714.17516908	0.0
197.560363826	1713.14733705	0.0
197.560363826	1712.46240053	0.0
197.570510919	1711.43163881	0.0
197.574447686	1710.76647767	0.0
197.583038384	1709.28674135	0.0
197.586990412	1708.58239564	0.0
197.591003473	1707.86608705	0.0
197.598327692	1706.51647768	0.0
197.604675349	1705.35217103	0.0
197.608474787	1704.65160951	0.0
197.612487848	1703.91601381	0.0
197.619903619	1702.51415834	0.0
197.623825127	1701.78515443	0.0
197.629913385	1700.70544252	0.0
197.635940606	1699.59972963	0.0
197.642120415	1698.49670229	0.0
197.648712212	1697.34313783	0.0
197.654754693	1696.28137025	0.0
197.658950861	1695.53613099	0.0
197.668014582	1694.00256166	0.0
197.672317559	1693.29296693	0.0
197.676147517	1691.73766908	0.0
197.718612726	1689.86157045	0.0
197.742614801	1689.1010724	0.0
197.782241875	1687.92931947	0.0
197.821716364	1686.8251935	0.0
197.863342339	1685.69299135	0.0
197.891159113	1684.94201479	0.0
197.935226496	1683.76403627	0.0
197.978454645	1682.60827455	0.0
198.022155817	1681.426756	0.0
198.063842829	1680.27941713	0.0
198.149856623	1677.90356264	0.0
198.178299006	1677.12072572	0.0
198.220367487	1675.95861635	0.0
198.250259455	1675.12939272	0.0
198.294830377	1673.88464174	0.0
198.33613592	1672.72558412	0.0
198.365463311	1671.90014467	0.0
198.407028253	1670.72497377	0.0
198.43705755	1669.87243471	0.0
198.49427801	1668.24682436	0.0
198.536804255	1667.03491029	0.0
198.579361017	1665.81872377	0.0
198.608825738	1664.97802553	0.0
198.652084406	1663.74670229	0.0
198.678146418	1662.92455873	0.0
198.734268244	1661.31677064	0.0
198.773178156	1660.48412904	0.0
198.854278619	1659.18298158	0.0
198.854278619	1658.01684389	0.0
199.060607965	1656.68993959	0.0
199.166931207	1655.4838849	0.0
199.281280572	1654.19885072	0.0
199.390197809	1652.97167787	0.0
199.468475396	1652.08862123	0.0
199.578399713	1650.84850892	0.0
199.690811213	1649.57836732	0.0
199.807769831	1648.25634584	0.0
199.998458918	1646.11376772	0.0
200.073333795	1645.26122865	0.0
200.224029595	1643.53906068	0.0
200.299850519	1642.67321596	0.0
200.412918145	1641.37475404	0.0
200.526519831	1640.07873354	0.0
200.645889337	1638.7203351	0.0
200.759475764	1637.42968568	0.0
200.834915217	1636.57263002	0.0
200.954864557	1635.2104474	0.0
201.073165948	1633.86645326	0.0
201.073165948	1632.5451642	0.0
201.308715875	1631.19592103	0.0
201.427307183	1629.8531476	0.0
201.63035589	1627.551756	0.0
201.704010064	1626.71545229	0.0
201.828872735	1625.29479799	0.0
201.944778498	1623.97460756	0.0
202.068664606	1622.56420717	0.0
202.115753229	1622.02819643	0.0
202.115753229	1621.22949037	0.0
202.313766534	1619.77514467	0.0
202.313766534	1618.4057599	0.0
202.518234309	1617.4538556	0.0
202.67836004	1615.63928041	0.0
202.765457209	1614.65160951	0.0
202.889541681	1613.24230775	0.0
203.012527521	1611.84435853	0.0
203.13677984	1610.43200502	0.0
203.260910089	1609.0229474	0.0
203.343231257	1608.08898744	0.0
203.385421808	1606.69787416	0.0
203.592132622	1605.26452455	0.0
203.688339288	1604.17199525	0.0
203.81494146	1602.7338849	0.0
203.895599421	1601.81786928	0.0
204.033996636	1600.24621401	0.0
204.156478938	1598.85534486	0.0
204.270614679	1597.55859193	0.0
204.405792291	1596.02245912	0.0
204.493179377	1595.03002748	0.0
204.626525934	1593.5151349	0.0
204.709960993	1592.56835756	0.0
204.880798394	1590.63073549	0.0
204.967971857	1589.64172181	0.0
205.095352227	1588.19653139	0.0
205.232818658	1586.63720522	0.0
205.308532771	1585.7783185	0.0
205.362899836	1585.16076479	0.0
205.453109796	1584.13659486	0.0
205.54264837	1583.11987123	0.0
205.71932989	1581.11327943	0.0
205.809845025	1580.0854474	0.0
205.940933282	1578.59643373	0.0
206.026977594	1577.61926088	0.0
206.11611944	1576.60680971	0.0
206.297210748	1574.55102357	0.0
206.428833063	1573.05846986	0.0
206.516525323	1572.06469545	0.0
206.568145806	1571.48010072	0.0
206.649185235	1570.56152162	0.0
206.797348078	1568.89245424	0.0
206.887680109	1567.86205873	0.0
207.024627741	1566.31847963	0.0
207.166030939	1564.73534974	0.0
207.303176934	1563.18102845	0.0
207.390243584	1562.18737611	0.0
207.526107843	1560.63207826	0.0
207.671463068	1558.96728334	0.0
207.816192682	1557.31054506	0.0
207.918319757	1556.18481264	0.0
208.0843659	1554.25500306	0.0
208.166732843	1553.16979799	0.0
208.201980645	1552.66601381	0.0
208.29077154	1551.09960756	0.0
208.35125738	1549.92370424	0.0
208.398941095	1548.91747865	0.0
208.495697076	1546.77490053	0.0
208.522811945	1546.17492494	0.0
208.546234186	1545.66052064	0.0
208.645645196	1543.5139142	0.0
208.695846613	1542.44006166	0.0
208.743652399	1541.41992006	0.0
208.772674615	1540.80029115	0.0
208.772674615	1539.13964662	0.0
208.897583062	1538.13207826	0.0
209.00962835	1535.85229311	0.0
209.050949151	1534.87817201	0.0
209.100967462	1533.21362123	0.0
209.142288263	1531.41723451	0.0
209.171112116	1529.89440736	0.0
209.181411797	1529.31506166	0.0
209.211731012	1527.59936342	0.0
209.234481866	1526.38647279	0.0
209.271804865	1524.3029767	0.0
209.291824395	1522.6257306	0.0
209.308700616	1520.93713197	0.0
209.323761042	1519.30431947	0.0
209.338790948	1517.62072572	0.0
209.348480279	1516.50573549	0.0
209.35351568	1515.9189435	0.0
209.366973931	1514.33141908	0.0
209.382659967	1512.51464662	0.0
209.393341119	1511.29113588	0.0
209.406784112	1509.70251283	0.0
209.420135553	1508.02306947	0.0
209.431060846	1506.73693666	0.0
209.441894586	1505.7227765	0.0
209.467392022	1503.38622865	0.0
209.477539118	1502.22582826	0.0
209.495056206	1500.54797181	0.0
209.513992365	1498.7326642	0.0
209.522338922	1497.6166974	0.0
209.525238091	1497.0241681	0.0
209.528244074	1495.26708803	0.0
209.528091486	1494.13525209	0.0
209.527969415	1493.56127748	0.0
209.527969415	1491.75134096	0.0
209.528778131	1490.61315736	0.0
209.529754694	1489.35790834	0.0
209.53018194	1488.78234681	0.0
209.530715998	1488.176756	0.0
209.531677301	1487.03625307	0.0
209.533203179	1485.26586733	0.0
209.534652766	1483.50756654	0.0
209.535690362	1482.25463685	0.0
209.536239679	1481.69262514	0.0
209.536834772	1481.0529767	0.0
209.538940485	1478.62035951	0.0
209.540054376	1477.47595033	0.0
209.541687066	1475.61816225	0.0
209.542755181	1473.85912904	0.0
209.543136652	1472.65978822	0.0
209.543289239	1472.06066713	0.0
209.543487605	1470.77319154	0.0
209.543609674	1468.989256	0.0
209.543838555	1467.09850893	0.0
209.543869072	1466.54736147	0.0
209.544250543	1464.07275209	0.0
209.544250543	1462.80932436	0.0
209.544860895	1460.38708314	0.0
209.54490667	1459.06432924	0.0
209.544830378	1457.31274232	0.0
209.544601495	1455.38793764	0.0
209.54405218	1453.55920228	0.0
209.543350274	1451.61022768	0.0
209.542495783	1449.81713686	0.0
209.542495783	1447.9460431	0.0
209.541534479	1446.66283998	0.0
209.539733942	1444.7182599	0.0
209.538497979	1442.8354474	0.0
209.537124688	1440.92065248	0.0
209.536605889	1440.27233705	0.0
209.535553034	1439.11291322	0.0
209.533981378	1437.17297181	0.0
209.533493097	1436.50048647	0.0
209.532028252	1433.96337709	0.0
209.531448419	1432.66955385	0.0
209.530731256	1430.7047101	0.0
209.530319268	1429.39867982	0.0
209.529754694	1427.5640851	0.0
209.529068049	1425.56371889	0.0
209.528213555	1423.71557435	0.0
209.527496393	1422.34008607	0.0
209.526825005	1421.05077943	0.0
209.525543267	1418.47643862	0.0
209.524734551	1417.1323224	0.0
209.523727472	1415.23974428	0.0
209.522766168	1413.18444642	0.0
209.521881159	1411.25036439	0.0
209.520813044	1409.29076967	0.0
209.520080622	1407.99230775	0.0
209.51971441	1407.34130678	0.0
209.518539483	1405.34582338	0.0
209.51759344	1404.04931459	0.0
209.51705938	1403.36926088	0.0
209.515411432	1401.32946596	0.0
209.514328058	1399.9818097	0.0
209.512756403	1398.04894838	0.0
209.511077936	1395.98351869	0.0
209.509964044	1394.64929017	0.0
209.508682307	1393.28564272	0.0
209.507507378	1391.9592267	0.0
209.50637823	1390.62402162	0.0
209.505233818	1389.21655092	0.0
209.504013116	1387.8745099	0.0
209.499954278	1386.567381	0.0
209.496856744	1385.24316224	0.0
209.510711725	1383.21386537	0.0
209.533111628	1381.11559877	0.0
209.550659234	1379.777464	0.0
209.559265191	1379.15490541	0.0
209.588455256	1377.05138979	0.0
209.6153565	1375.06701479	0.0
209.643280085	1372.94567689	0.0
209.643280085	1370.92260561	0.0
209.696441706	1368.80407533	0.0
209.713958796	1367.43884095	0.0
209.722442682	1366.77819643	0.0
209.740692194	1365.36901674	0.0
209.767990168	1363.29492006	0.0
209.787078912	1361.85461244	0.0
209.795806939	1361.2047101	0.0
209.823654229	1359.11279115	0.0
209.842620905	1357.66625795	0.0
209.842620905	1356.28332338	0.0
209.879257257	1354.86315736	0.0
209.906646783	1352.76232728	0.0
209.921096856	1351.6413556	0.0
209.941635187	1350.03271303	0.0
209.96578985	1348.11889467	0.0
209.993881281	1345.86242494	0.0
210.019119317	1343.83178529	0.0
210.038391168	1342.27538881	0.0
210.064041192	1340.22631654	0.0
210.091949517	1338.01110658	0.0
210.117584283	1335.96594057	0.0
210.144744928	1333.73132142	0.0
210.169097955	1331.68346987	0.0
210.187255915	1330.17358216	0.0
210.205154475	1328.71935854	0.0
210.241119439	1325.817381	0.0
210.258499201	1324.38073549	0.0
210.283172663	1322.30334291	0.0
210.310028131	1320.01379213	0.0
210.334320123	1317.95055971	0.0
210.352691706	1316.40112123	0.0
210.361434992	1315.66222963	0.0
210.377883966	1314.25756654	0.0
210.404480035	1312.00353822	0.0
210.430145319	1309.86974916	0.0
210.452468927	1308.37231264	0.0
210.471756036	1306.89721498	0.0
210.486282403	1304.87048158	0.0
210.476348933	1302.43762025	0.0
210.451431328	1300.38671693	0.0
210.402221735	1298.06762514	0.0
210.365051325	1296.5541974	0.0
210.331451471	1295.07873353	0.0
210.274215752	1292.13635072	0.0
210.246475275	1290.57507143	0.0
210.207550103	1288.35595522	0.0
210.19349676	1287.55993471	0.0
210.169189509	1286.18139467	0.0
210.140853938	1284.59216127	0.0
210.114837701	1283.13818178	0.0
210.085464534	1281.51806459	0.0
210.059219415	1280.05822572	0.0
210.021301324	1277.93737611	0.0
209.977874811	1275.50427064	0.0
209.93869024	1273.32470522	0.0
209.909683282	1271.71606264	0.0
209.881683406	1270.15160951	0.0
209.8444367	1268.07470521	0.0
209.815246636	1266.42712221	0.0
209.757675226	1263.23132143	0.0
209.731826838	1261.8095685	0.0
209.694000299	1259.71191225	0.0
209.647491511	1257.12646303	0.0
209.609573419	1255.00488099	0.0
209.565353448	1252.52013978	0.0
209.539123589	1251.03759584	0.0
209.527877864	1250.39489564	0.0
209.48316961	1247.88158998	0.0
209.456787165	1246.42211732	0.0
209.412445123	1243.96398744	0.0
209.398529108	1243.19384584	0.0
209.369354304	1241.57592592	0.0
209.328079279	1239.34008608	0.0
209.284195002	1237.08971986	0.0
209.26203924	1235.46642885	0.0
209.256164607	1234.65624818	0.0
209.253006036	1233.03039369	0.0
209.26051336	1230.79125795	0.0
209.266418513	1229.96337709	0.0
209.28900152	1227.53588685	0.0
209.312149102	1225.21313295	0.0
209.334762629	1222.80285463	0.0
209.349044854	1221.20068178	0.0
209.363143975	1219.60803041	0.0
209.391189631	1216.45934877	0.0
209.405654963	1214.80505189	0.0
209.424804741	1212.6265851	0.0
209.446853692	1210.09338197	0.0
209.466583307	1207.83642397	0.0
209.489151057	1205.25927553	0.0
209.502243096	1203.74084291	0.0
209.508071954	1203.06518373	0.0
209.530639704	1200.44909486	0.0
209.544769343	1198.85131654	0.0
209.566070612	1196.4427472	0.0
209.587097222	1194.04601869	0.0
209.608535822	1191.54015932	0.0
209.622207696	1189.9156476	0.0
209.64295965	1187.49645815	0.0
209.656707819	1185.90624818	0.0
209.685058649	1182.61144838	0.0
209.699249323	1180.96508607	0.0
209.718811091	1178.67297182	0.0
209.740432795	1176.11535463	0.0
209.759994563	1173.82482728	0.0
209.775192316	1171.99365053	0.0
209.795852716	1169.4727765	0.0
209.816787775	1167.0184308	0.0
209.839553889	1164.51916322	0.0
209.863388116	1162.03039369	0.0
209.886383111	1159.58703431	0.0
209.902252252	1157.92602357	0.0
209.918441828	1156.21740541	0.0
209.934555108	1154.55285463	0.0
209.948638971	1153.10082826	0.0
209.966659602	1151.23180971	0.0
209.989120537	1148.93786439	0.0
209.9989472	1147.93725404	0.0
210.015655574	1146.18652162	0.0
210.034683282	1143.87243471	0.0
210.055419976	1141.13464174	0.0
210.075882013	1138.77184877	0.0
210.090194758	1136.88317689	0.0
210.09596258	1134.34667787	0.0
210.094467217	1133.54040346	0.0
210.087677057	1131.87121401	0.0
210.072723443	1129.36657533	0.0
210.062301691	1127.64623842	0.0
210.062301691	1125.99438295	0.0
210.036071832	1123.5484601	0.0
210.016677911	1121.07909974	0.0
209.998565728	1118.83703432	0.0
209.986251885	1116.98644838	0.0
209.970672661	1114.58886537	0.0
209.961319024	1113.17284975	0.0
209.955123956	1112.26635561	0.0
209.94410711	1110.67700014	0.0
209.927932793	1108.36535463	0.0
209.917999323	1106.88476381	0.0
209.902313288	1104.6590558	0.0
209.897628838	1104.01086244	0.0
209.884506281	1102.33556948	0.0
209.867065484	1100.14379701	0.0
209.853454645	1098.4501935	0.0
209.835403498	1096.41845521	0.0
209.811401422	1094.20519838	0.0
209.804657037	1093.57824525	0.0
209.796127375	1092.80187807	0.0
209.765976008	1089.99633608	0.0
209.750793512	1088.5932599	0.0
209.726196345	1086.64477357	0.0
209.695526177	1084.39379701	0.0
209.676147516	1083.0776349	0.0
209.666992242	1082.49340639	0.0
209.643066461	1081.02013978	0.0
209.643066461	1079.21801576	0.0
209.580368096	1077.03466615	0.0
209.557739312	1075.692381	0.0
209.526229914	1073.77660951	0.0
209.494201714	1071.86596498	0.0
209.47044378	1070.00012025	0.0
209.47044378	1068.65563783	0.0
209.42420965	1066.19982729	0.0
209.364273126	1064.40539369	0.0
209.235275324	1063.33849916	0.0
209.077072198	1061.85119447	0.0
209.010635431	1060.98473939	0.0
208.877029473	1059.43737611	0.0
208.81999212	1058.08886537	0.0
208.796249445	1056.44653139	0.0
208.779861504	1055.10693178	0.0
208.759521538	1053.50182923	0.0
208.746460016	1052.53381166	0.0
208.724670464	1051.05163393	0.0
208.715744073	1050.49487123	0.0
208.691131646	1049.08788881	0.0
208.66839605	1047.9390851	0.0
208.645324763	1046.89147768	0.0
208.591812189	1044.81335268	0.0
208.551818902	1043.49304018	0.0
208.49943548	1041.9781476	0.0
208.459442193	1040.94518861	0.0
208.395080621	1039.45214662	0.0
208.321304375	1037.93517885	0.0
208.293090876	1037.39929017	0.0
208.236755426	1036.3889142	0.0
208.178436334	1035.41345033	0.0
208.144134577	1034.86865053	0.0
208.083892878	1033.96484193	0.0
207.969131525	1032.3408185	0.0
207.885192926	1031.06481752	0.0
207.841537531	1030.05566225	0.0
208.053299006	1029.25988588	0.0
208.258544978	1028.69677553	0.0
208.556442317	1027.92443666	0.0
208.905761774	1027.38586244	0.0
209.314865167	1026.8609601	0.0
209.597366387	1026.42968568	0.0
209.921173152	1025.8679181	0.0
210.49981695	1024.71423158	0.0
210.821411187	1023.99535951	0.0
211.177536065	1023.13549623	0.0
211.366714532	1022.65160951	0.0
211.608230645	1022.00469789	0.0
211.808410701	1021.45684633	0.0
212.046905572	1020.84564027	0.0
212.290069635	1020.37518129	0.0
212.717773492	1019.90191469	0.0
213.078887994	1019.36395082	0.0
213.630950983	1018.37383851	0.0
213.991348321	1017.63384828	0.0
214.337905939	1016.85748109	0.0
214.655914361	1016.08947572	0.0
214.940078789	1015.35571108	0.0
215.174179132	1014.72375307	0.0
215.35188299	1014.23528871	0.0
215.576400812	1013.68340883	0.0
215.9331513	1013.16821107	0.0
216.045394953	1012.68060121	0.0
215.982269343	1012.07360658	0.0
215.878295952	1011.07751283	0.0
215.818023736	1010.50445375	0.0
215.747512872	1009.83837709	0.0
215.675064142	1009.15862855	0.0
215.575256402	1008.23071107	0.0
215.471908624	1007.28106507	0.0
215.39926153	1006.621214	0.0
215.442337091	1006.07104311	0.0
215.601791438	1005.21685609	0.0
215.683883723	1004.51232729	0.0
215.659713799	1003.9390851	0.0
215.547805841	1003.32122621	0.0
215.565048274	1002.74883851	0.0
215.691391045	1001.88775453	0.0
215.846145684	1001.07916078	0.0
215.950088556	1000.2429181	0.0
216.374389703	999.962888809	0.0
216.875473078	1000.12060365	0.0
217.35931402	1000.26855287	0.0
217.852661188	1000.4170514	0.0
218.33750921	1000.56133852	0.0
