1 126.774204369 37.2399166576
2 126.774103985 37.2400103559
3 126.773954225 37.2400730298
4 126.773831544 37.2401516139
5 126.773846564 37.2402766403
6 126.773925082 37.240396322
7 126.774000833 37.2405097917
8 126.774080717 37.2406288941
9 126.774154769 37.2407422425
10 126.774228335 37.2408587376
11 126.774299557 37.2409812927
12 126.774364734 37.2411059689
13 126.774420414 37.2412335421
14 126.774462592 37.2413643338
15 126.774477427 37.2414988341
16 126.774479457 37.2416265211
17 126.774480273 37.2417616653
18 126.774495574 37.2418907443
19 126.774508738 37.2420253977
20 126.774505488 37.2421523005
21 126.774501747 37.2422761665
22 126.77449704 37.24241126
23 126.77449263 37.2425401256
24 126.774488444 37.2426752301
25 126.774484255 37.2428103346
26 126.774480077 37.2429454393
27 126.774476026 37.2430735917
28 126.774471463 37.2432086883
29 126.774466931 37.2433437857
30 126.774458838 37.2434787688
31 126.77444976 37.2436076557
32 126.774440742 37.2437396413
33 126.774432484 37.2438701154
34 126.774423759 37.2439969645
35 126.774401654 37.2441308077
36 126.774346077 37.2442580929
37 126.774258889 37.2443737477
38 126.774148654 37.2444759135
39 126.7740174 37.2445607991
40 126.773869412 37.2446256164
41 126.773709325 37.2446688439
42 126.773553641 37.2447204054
43 126.773421591 37.2448040428
44 126.773321555 37.2449124927
45 126.773259182 37.2450377532
46 126.77323813 37.2451715021
47 126.77323316 37.2453065893
48 126.773228402 37.2454416816
49 126.773223631 37.2455767736
50 126.773219019 37.2457118688
51 126.773234857 37.2458380683
52 126.773343037 37.2459320021
53 126.773377313 37.2460520244
54 126.773290973 37.2461536599
55 126.773136502 37.246177809
56 126.773013304 37.2461040755
57 126.772985212 37.2459813899
58 126.773078225 37.2458805636
59 126.773157016 37.2457794057
60 126.773164573 37.2456444627
61 126.77316923 37.2455093682
62 126.773174 37.2453742762
63 126.773178914 37.2452391875
64 126.773186028 37.245104185
65 126.773224902 37.2449729977
66 126.773300352 37.2448524628
67 126.773410284 37.244750271
68 126.773546799 37.2446711174
69 126.773704163 37.2446224823
70 126.773863335 37.2445773424
71 126.774009741 37.244510244
72 126.774136803 37.2444214087
73 126.774239546 37.2443143675
74 126.774316845 37.2441944748
75 126.774358006 37.2440637089
76 126.774364664 37.2439371799
77 126.774251776 37.2438683963
78 126.774088442 37.2438644515
79 126.773919462 37.2438606975
80 126.773755904 37.2438349145
81 126.773669793 37.2437243321
82 126.773671832 37.2435892653
83 126.773672469 37.2434598144
84 126.77367641 37.2433247064
85 126.773681599 37.2431896243
86 126.773686638 37.2430545385
87 126.773691792 37.2429194555
88 126.773696255 37.2427900459
89 126.773700895 37.2426549509
90 126.773705391 37.2425255206
91 126.773710324 37.2423904323
92 126.773715063 37.2422553396
93 126.773719104 37.2421202382
94 126.773730579 37.2419902131
95 126.773735675 37.2418551303
96 126.773773213 37.2417257532
97 126.773918291 37.2416656511
98 126.774087238 37.2416667655
99 126.774249848 37.2416702966
100 126.774415329 37.2416899366
101 126.774483961 37.2417965996
102 126.774500573 37.2419310906
103 126.774507792 37.2420659318
104 126.774504579 37.2421862055
105 126.774500368 37.2423166953
106 126.774495586 37.2424517871
107 126.774491374 37.2425806569
108 126.774487186 37.2427157615
109 126.774483005 37.2428508661
110 126.774478819 37.2429859706
111 126.77447464 37.2431141204
112 126.774470101 37.2432492174
113 126.774465182 37.2433843028
114 126.774456109 37.2435192538
115 126.774446995 37.2436481392
116 126.774438461 37.243775634
117 126.774429917 37.2439106073
118 126.77441964 37.2440373733
119 126.774388773 37.2441700129
120 126.774322037 37.2442937835
121 126.7742285 37.2444061968
122 126.774111291 37.2445033197
123 126.773974741 37.2445827096
124 126.773821949 37.2446398871
125 126.773660931 37.2446809467
126 126.77351096 37.2447422697
127 126.773387987 37.2448343774
128 126.773298919 37.2449487647
129 126.773248184 37.2450773142
130 126.773236527 37.2452120255
131 126.773231741 37.2453471172
132 126.773226967 37.2454822091
133 126.773222209 37.2456173014
134 126.773217349 37.2457523905
135 126.773267593 37.2458689418
136 126.77336945 37.2459664859
137 126.773364085 37.2460911404
138 126.773248359 37.2461742426
139 126.773188347 37.2462930148
140 126.773183364 37.2464280906
141 126.773224524 37.2465467474
142 126.773378822 37.2465659127
143 126.773547817 37.2465692995
144 126.77368863 37.2465084277
145 126.773711785 37.2463758782
146 126.773716405 37.2462407831
147 126.773776241 37.2461267645
148 126.773923108 37.2460618592
149 126.774083731 37.2460570527
150 126.774252682 37.2460614379
151 126.774421625 37.2460607614
152 126.774585518 37.2460298533
153 126.774731126 37.2459620222
154 126.774848362 37.2458652553
155 126.774935099 37.2457495374
156 126.774991903 37.245622395
157 126.77502648 37.2454902173
158 126.775044555 37.2453558783
159 126.775052959 37.2452353233
160 126.775057843 37.2451002339
161 126.77506255 37.2449651403
162 126.775067364 37.2448300491
163 126.775072216 37.2446949589
164 126.775077058 37.2445598684
165 126.775081841 37.2444247776
166 126.775089431 37.2442897779
167 126.775099111 37.244154856
168 126.775110881 37.2440200464
169 126.775132433 37.2438860277
170 126.775149844 37.2437578827
171 126.775155325 37.2436228133
172 126.77515994 37.2434877188
173 126.775165111 37.2433526393
174 126.775169416 37.2432175373
175 126.775174296 37.2430824503
176 126.77517704 37.2429473461
177 126.775172661 37.2428184338
178 126.775164313 37.2426834527
179 126.775159541 37.2425483638
180 126.775155269 37.242413261
181 126.775157426 37.242278168
182 126.775162206 37.2421430762
183 126.775166907 37.2420079824
184 126.775171703 37.2418728911
185 126.77517659 37.2417378017
186 126.775181179 37.2416062909
187 126.775185865 37.2414757038
188 126.775190523 37.2413406097
189 126.775195223 37.241205516
190 126.775200017 37.2410704245
191 126.775204985 37.2409353372
192 126.775209786 37.2408002458
193 126.775214708 37.2406651571
194 126.775219562 37.2405300669
195 126.775224272 37.2403949733
196 126.775228761 37.2402598752
197 126.775231612 37.2401247511
198 126.775229423 37.2399896343
199 126.775211395 37.2398553223
200 126.775174564 37.2397235462
201 126.775110514 37.2395987252
202 126.775014501 37.2394879385
203 126.774886419 37.2394004389
204 126.774732579 37.2393457159
205 126.774565497 37.239329254
206 126.774399295 37.239350907
207 126.774245272 37.239406243
208 126.774095392 37.239468731
209 126.773964184 37.2395386525
210 126.773834408 37.2396140135
211 126.773684431 37.239676353
212 126.773540778 37.2397372743
213 126.773399677 37.2397962286
214 126.773249904 37.2398588774
215 126.773102657 37.2399248294
216 126.773055776 37.240046075
217 126.773128175 37.2401679628
218 126.773207426 37.2402818581
219 126.77335484 37.2402890479
220 126.773504566 37.2402263482
221 126.773638559 37.240159961
222 126.773627411 37.2400415618
223 126.773555015 37.2399293561
224 126.773488578 37.2398147836
225 126.773546066 37.2397008549
226 126.773686677 37.2396399569
227 126.773828974 37.2395814147
228 126.773990721 37.2395916209
229 126.774088156 37.2396901335
